0  0.99983551  1  0.00016448503  -0.031408151  -0  0.031408151  
0.031415902  0.9988488  0.99950656  0.00065776157  -0.062785307  -0.031410735  0.031374572  
0.062831804  0.99687634  0.99802673  0.001150389  -0.0941005  -0.062790471  0.03131003  
0.094247706  0.99392009  0.99556197  0.0016418811  -0.12532283  -0.09410824  0.031214588  
0.12566361  0.98998296  0.99211471  0.0021317529  -0.15642148  -0.12533314  0.031088342  
0.15707951  0.98506884  0.98768836  0.0026195209  -0.18736576  -0.15643434  0.030931415  
0.18849541  0.97918257  0.98228728  0.0031047037  -0.21812513  -0.18738117  0.030743963  
0.21991131  0.97232998  0.9759168  0.0035868226  -0.24866924  -0.21814307  0.03052617  
0.25132722  0.96451781  0.96858321  0.0040654018  -0.27896795  -0.2486897  0.030278252  
0.28274312  0.95575378  0.96029375  0.0045399688  -0.30899135  -0.27899089  0.030000452  
0.31415902  0.94604654  0.95105659  0.0050100555  -0.33870981  -0.30901676  0.029693046  
0.34557492  0.93540566  0.94088086  0.0054751979  -0.368094  -0.33873767  0.029356337  
0.37699082  0.92384166  0.92977659  0.0059349369  -0.39711494  -0.36812428  0.028990656  
0.40840673  0.91136593  0.91775475  0.0063888189  -0.42574396  -0.3971476  0.028596365  
0.43982263  0.8979908  0.9048272  0.0068363959  -0.45395283  -0.42577898  0.028173853  
0.47123853  0.88372946  0.89100669  0.0072772262  -0.48171371  -0.45399017  0.027723537  
0.50265443  0.86859599  0.87630687  0.0077108747  -0.50899919  -0.48175333  0.027245861  
0.53407034  0.85260533  0.86074224  0.0081369136  -0.53578235  -0.50904106  0.026741297  
0.56548624  0.83577324  0.84432816  0.0085549223  -0.56203677  -0.53582642  0.026210342  
0.59690214  0.81811635  0.82708084  0.0089644884  -0.58773651  -0.56208299  0.025653521  
0.62831804  0.79965207  0.80901728  0.0093652076  -0.61285624  -0.58778486  0.025071383  
0.65973394  0.78039864  0.79015533  0.0097566845  -0.63737115  -0.61290665  0.024464503  
0.69114985  0.76037505  0.77051359  0.010138533  -0.66125705  -0.63742358  0.023833479  
0.72256575  0.73960107  0.75011144  0.010510376  -0.68449038  -0.66131144  0.023178935  
0.75398165  0.71809718  0.72896903  0.010871846  -0.70704819  -0.68454668  0.022501516  
0.78539755  0.69588463  0.70710721  0.011222587  -0.72890824  -0.70710635  0.02180189  
0.81681345  0.67298532  0.68454757  0.011562253  -0.75004894  -0.72896819  0.021080749  
0.84822936  0.64942185  0.66131236  0.011890508  -0.77044944  -0.75011063  0.020338803  
0.87964526  0.62521749  0.63742452  0.012207029  -0.79008959  -0.77051281  0.019576786  
0.91106116  0.60039611  0.61290761  0.012511503  -0.80895003  -0.79015458  0.018795449  
0.94247706  0.57498222  0.58778585  0.012803629  -0.82701213  -0.80901656  0.017995563  
0.97389296  0.54900088  0.562084  0.01308312  -0.84425807  -0.82708015  0.017177917  
1.0053089  0.52247776  0.53582746  0.0133497  -0.86067083  -0.84432751  0.016343319  
1.0367248  0.49543901  0.50904211  0.013603105  -0.87623421  -0.86074162  0.015492592  
1.0681407  0.46791132  0.4817544  0.013843085  -0.89093286  -0.87630628  0.014626576  
1.0995566  0.43992186  0.45399126  0.014069404  -0.90475226  -0.89100614  0.013746126  
1.1309725  0.41149825  0.42578009  0.014281839  -0.91767879  -0.90482668  0.012852109  
1.1623884  0.38266854  0.39714872  0.014480178  -0.92969968  -0.91775427  0.011945409  
1.1938043  0.35346119  0.36812542  0.014664228  -0.94080306  -0.92977614  0.01102692  
1.2252202  0.32390501  0.33873882  0.014833806  -0.950978  -0.94088045  0.01009755  
1.2566361  0.29402918  0.30901792  0.014988745  -0.96021443  -0.95105621  0.0091582137  
1.288052  0.26386318  0.27899207  0.015128891  -0.96850325  -0.96029341  0.0082098397  
1.3194679  0.23343677  0.24869088  0.015254107  -0.97583627  -0.96858291  0.0072533637  
1.3508838  0.20278  0.21814427  0.01536427  -0.98220626  -0.97591653  0.0062897295  
1.3822997  0.1719231  0.18738237  0.015459269  -0.98760694  -0.98228705  0.005319888  
1.4137156  0.14089654  0.15643555  0.015539013  -0.99203296  -0.98768817  0.0043447965  
1.4451315  0.10973093  0.12533435  0.015603421  -0.99547998  -0.99211456  0.0033654173  
1.4765474  0.078457027  0.094109458  0.01565243  -0.99794457  -0.99556186  0.0023827167  
1.5079633  0.047105698  0.062791691  0.015685993  -0.99942432  -0.99802665  0.0013976647  
1.5393792  0.015707882  0.031411957  0.015704075  -0.99991776  -0.99950652  0.00041123341  
1.5707951  -0.015705436  1.2228873e-06  0.015706659  -0.9994244  -1  -0.00057560374  
1.602211  -0.047103255  -0.031409512  0.015693743  -0.99794473  -0.9995066  -0.0015618728  
1.6336269  -0.078454589  -0.06278925  0.015665339  -0.99548021  -0.99802681  -0.0025466006  
1.6650428  -0.1097285  -0.094107023  0.015621475  -0.99203327  -0.99556209  -0.0035288151  
1.6964587  -0.14089412  -0.12533192  0.015562195  -0.98760732  -0.99211487  -0.0045075471  
1.7278746  -0.17192069  -0.15643314  0.015487557  -0.98220672  -0.98768855  -0.0054818308  
1.7592905  -0.2027776  -0.18737997  0.015397634  -0.9758368  -0.98228751  -0.0064507045  
1.7907064  -0.2334344  -0.21814188  0.015292516  -0.96850385  -0.97591707  -0.0074132122  
1.8221223  -0.26386082  -0.24868851  0.015172306  -0.96021511  -0.96858351  -0.0083684039  
1.8535382  -0.29402684  -0.27898972  0.015037122  -0.95097875  -0.96029409  -0.0093153371  
1.8849541  -0.3239027  -0.3090156  0.014887099  -0.94080389  -0.95105697  -0.010253077  
1.91637  -0.3534589  -0.33873652  0.014722384  -0.92970058  -0.94088127  -0.011180699  
1.9477859  -0.38266628  -0.36812314  0.01454314  -0.91767976  -0.92977704  -0.012097286  
1.9792018  -0.41149602  -0.39714648  0.014349544  -0.9047533  -0.91775524  -0.013001935  
2.0106177  -0.43991966  -0.42577788  0.014141786  -0.89093397  -0.90482772  -0.013893753  
2.0420336  -0.46790916  -0.45398908  0.013920073  -0.87623539  -0.89100725  -0.014771859  
2.0734495  -0.49543688  -0.48175226  0.013684622  -0.86067207  -0.87630746  -0.015635387  
2.1048654  -0.52247567  -0.50904001  0.013435665  -0.84425938  -0.86074286  -0.016483485  
2.1362813  -0.54899884  -0.53582539  0.01317345  -0.8270135  -0.84432882  -0.017315316  
2.1676972  -0.57498022  -0.56208198  0.012898234  -0.80895146  -0.82708152  -0.018130059  
2.1991131  -0.60039416  -0.58778387  0.012610288  -0.79009109  -0.809018  -0.018926909  
2.230529  -0.62521558  -0.61290568  0.012309898  -0.770451  -0.79015608  -0.019705082  
2.2619449  -0.64941999  -0.63742263  0.01199736  -0.75005056  -0.77051437  -0.020463807  
2.2933609  -0.67298351  -0.66131053  0.011672982  -0.72890991  -0.75011225  -0.021202337  
2.3247768  -0.69588287  -0.68454579  0.011337084  -0.70704992  -0.72896987  -0.021919943  
2.3561927  -0.71809548  -0.70710548  0.010989997  -0.68449216  -0.70710808  -0.022615917  
2.3876086  -0.73959942  -0.72896735  0.010632065  -0.66125889  -0.68454846  -0.023289572  
2.4190245  -0.76037346  -0.75010982  0.01026364  -0.63737304  -0.66131328  -0.023940243  
2.4504404  -0.78039711  -0.77051203  0.0098850867  -0.61285817  -0.63742546  -0.024567287  
2.4818563  -0.79965061  -0.79015383  0.0094967777  -0.58773849  -0.61290858  -0.025170087  
2.5132722  -0.81811494  -0.80901584  0.0090990965  -0.56203879  -0.58778684  -0.025748047  
2.5446881  -0.8357719  -0.82707946  0.0086924356  -0.53578442  -0.56208502  -0.026300597  
2.576104  -0.85260405  -0.84432685  0.0082771963  -0.5090013  -0.53582849  -0.026827191  
2.6075199  -0.86859478  -0.86074099  0.0078537884  -0.48171585  -0.50904316  -0.02732731  
2.6389358  -0.88372832  -0.87630569  0.0074226299  -0.45395501  -0.48175547  -0.02780046  
2.6703517  -0.89798973  -0.89100558  0.0069841461  -0.42574618  -0.45399235  -0.028246175  
2.7017676  -0.91136493  -0.90482616  0.0065387697  -0.39711718  -0.42578119  -0.028664014  
2.7331835  -0.92384072  -0.91775378  0.0060869405  -0.36809628  -0.39714984  -0.029053566  
2.7645994  -0.9354048  -0.92977569  0.0056291041  -0.33871211  -0.36812655  -0.029414445  
2.7960153  -0.94604574  -0.94088003  0.0051657125  -0.30899367  -0.33873997  -0.029746295  
2.8274312  -0.95575306  -0.95105584  0.004697223  -0.2789703  -0.30901909  -0.03004879  
2.8588471  -0.96451716  -0.96029306  0.0042240979  -0.24867161  -0.27899324  -0.03032163  
2.890263  -0.97232941  -0.9685826  0.0037468042  -0.21812752  -0.24869207  -0.030564547  
2.9216789  -0.97918208  -0.97591627  0.0032658128  -0.18736816  -0.21814546  -0.030777299  
2.9530948  -0.98506842  -0.98228682  0.0027815984  -0.15642389  -0.18738357  -0.030959679  
2.9845107  -0.98998262  -0.98768798  0.002294639  -0.12532525  -0.15643676  -0.031111505  
3.0159266  -0.99391982  -0.99211441  0.001805415  -0.094102935  -0.12533556  -0.031232628  
3.0473425  -0.99687615  -0.99556174  0.0013144093  -0.062787747  -0.094110675  -0.031322928  
3.0787584  -0.99884868  -0.99802658  0.00082210643  -0.031410596  -0.062792912  -0.031382316  
3.1101743  -0.99983548  -0.99950648  0.00032899224  -2.4455735e-06  -0.031413179  -0.031410734  
3.1415902  -0.99983555  -1  -0.00016444662  0  -2.4457746e-06  -2.4457746e-06  
