-0.0001095173337986033
-5.262435685127187e-05
-5.262435685127187e-05
-2.834356489911372e-05
-2.834356489911372e-05
-1.659105968832009e-05
-1.659105968832009e-05
-1.034771622121511e-05
-1.034771622121511e-05
-6.784451203944997e-06
-6.784451203944997e-06
-4.631507023233894e-06
-4.631507023233894e-06
-3.268884994245269e-06
-3.268884994245269e-06
-2.372576698217443e-06
-2.372576698217443e-06
-1.763509260843676e-06
-1.763509260843676e-06
-1.337954216307224e-06
-1.337954216307224e-06
-1.033375290671046e-06
-1.033375290671046e-06
-8.107479563257414e-07
-8.107479563257414e-07
-6.449772005368004e-07
-6.449772005368004e-07
-5.19493618789113e-07
-5.19493618789113e-07
-4.230978851715861e-07
-4.230978851715861e-07
-3.480605115235846e-07
-3.480605115235846e-07
-2.889457646482185e-07
-2.889457646482185e-07
-2.418656519509454e-07
-2.418656519509454e-07
-2.03996108893989e-07
-2.03996108893989e-07
-1.732568981616112e-07
-1.732568981616112e-07
-1.480958755628592e-07
-1.480958755628592e-07
-1.273411718294426e-07
-1.273411718294426e-07
-1.100983637591924e-07
-1.100983637591924e-07
-9.567785586028776e-08
-9.567785586028776e-08
-8.354299518842367e-08
-8.354299518842367e-08
-7.327249296196214e-08
-7.327249296196214e-08
-6.453294121300246e-08
-6.453294121300246e-08
-5.705846239933976e-08
-5.705846239933976e-08
-5.063553443207525e-08
-5.063553443207525e-08
-4.509152029541497e-08
-4.509152029541497e-08
-4.028594702276678e-08
-4.028594702276678e-08
-3.610388032981859e-08
-3.610388032981859e-08
-3.24506999049845e-08
-3.24506999049845e-08
-2.924814168636658e-08
-2.924814168636658e-08
-2.643111018940658e-08
-2.643111018940658e-08
-2.394523290760731e-08
-2.394523290760731e-08
-2.174487123696167e-08
-2.174487123696167e-08
-1.979156971643192e-08
-1.979156971643192e-08
-1.805275751110003e-08
-1.805275751110003e-08
-1.650079672899096e-08
-1.650079672899096e-08
-1.511209601900987e-08
-1.511209601900987e-08
-1.386647507928274e-08
-1.386647507928274e-08
-1.274659489070018e-08
-1.274659489070018e-08
-1.173753405581124e-08
-1.173753405581124e-08
-1.082638734217767e-08
-1.082638734217767e-08
-1.000196370171125e-08
-1.000196370171125e-08
-9.254561117444382e-09
-9.254561117444382e-09
-8.575679721900542e-09
-8.575679721900542e-09
-7.957938752412019e-09
-7.957938752412019e-09
-7.394844736552386e-09
-7.394844736552386e-09
-6.880687575261391e-09
-6.880687575261391e-09
-6.410448172289307e-09
-6.410448172289307e-09
-5.979716721782324e-09
-5.979716721782324e-09
-5.584567031036158e-09
-5.584567031036158e-09
-5.22153031923267e-09
-5.22153031923267e-09
-4.88752593952313e-09
-4.88752593952313e-09
-4.579806756055405e-09
-4.579806756055405e-09
-4.295938271781097e-09
-4.295938271781097e-09
-4.033721801022239e-09
-4.033721801022239e-09
-3.791229996608081e-09
-3.791229996608081e-09
-3.566675843558187e-09
-3.566675843558187e-09
-3.358521460938846e-09
-3.358521460938846e-09
-3.165325335174884e-09
-3.165325335174884e-09
-2.985835134694526e-09
-2.985835134694526e-09
-2.818890010303221e-09
-2.818890010303221e-09
-2.663459230944909e-09
-2.663459230944909e-09
-2.518583563926313e-09
-2.518583563926313e-09
-2.383437891495532e-09
-2.383437891495532e-09
-2.25724106073244e-09
-2.25724106073244e-09
-2.139286525704165e-09
-2.139286525704165e-09
-2.028946344267979e-09
-2.028946344267979e-09
-1.925628101417942e-09
-1.925628101417942e-09
-1.828801998726703e-09
-1.828801998726703e-09
-1.737992416650513e-09
-1.737992416650513e-09
-1.652746828284535e-09
-1.652746828284535e-09
-1.572671326499631e-09
-1.572671326499631e-09
-1.497384882753749e-09
-1.497384882753749e-09
-1.426557538763973e-09
-1.426557538763973e-09
-1.359857559890543e-09
-1.359857559890543e-09
-1.297030038927005e-09
-1.297030038927005e-09
-1.237783653351698e-09
-1.237783653351698e-09
-1.181887032686291e-09
-1.181887032686291e-09
-1.129101256935883e-09
-1.129101256935883e-09
-1.079239808632337e-09
-1.079239808632337e-09
-1.032105956255691e-09
-1.032105956255691e-09
-9.875176232299054e-10
-9.875176232299054e-10
-9.452953975142009e-10
-9.452953975142009e-10
-9.053304772521642e-10
-9.053304772521642e-10
-8.674447826706455e-10
-8.674447826706455e-10
-8.315224064858739e-10
-8.315224064858739e-10
-7.974421123435604e-10
-7.974421123435604e-10
-7.650959865657114e-10
-7.650959865657114e-10
-7.343610164411984e-10
-7.343610164411984e-10
-7.051683681424947e-10
-7.051683681424947e-10
-6.774216743110628e-10
-6.774216743110628e-10
-6.510010308602432e-10
-6.510010308602432e-10
-6.258735751885069e-10
-6.258735751885069e-10
-6.019433840265265e-10
-6.019433840265265e-10
-5.791482848849228e-10
-5.791482848849228e-10
-5.574212202930084e-10
-5.574212202930084e-10
-5.367177813297985e-10
-5.367177813297985e-10
-5.1695803193752e-10
-5.1695803193752e-10
-4.980944545707189e-10
-4.980944545707189e-10
-4.800999597875943e-10
-4.800999597875943e-10
-4.628959437980029e-10
-4.628959437980029e-10
-4.464628666767112e-10
-4.464628666767112e-10
-4.307429968264387e-10
-4.307429968264387e-10
-4.157247879277293e-10
-4.157247879277293e-10
-4.013522847401418e-10
-4.013522847401418e-10
-3.875806342534815e-10
-3.875806342534815e-10
-3.744182741627355e-10
-3.744182741627355e-10
-3.618021438001051e-10
-3.618021438001051e-10
-3.497109268835175e-10
-3.497109268835175e-10
-3.381250834877392e-10
-3.381250834877392e-10
-3.270144155465005e-10
-3.270144155465005e-10
-3.163522777072103e-10
-3.163522777072103e-10
-3.061280118288323e-10
-3.061280118288323e-10
-2.963100875774671e-10
-2.963100875774671e-10
-2.868767445818321e-10
-2.868767445818321e-10
-2.778306473771863e-10
-2.778306473771863e-10
-2.691251665964955e-10
-2.691251665964955e-10
-2.607771776297341e-10
-2.607771776297341e-10
-2.527347220393494e-10
-2.527347220393494e-10
-2.450160074829455e-10
-2.450160074829455e-10
-2.375850627345244e-10
-2.375850627345244e-10
-2.304281210285808e-10
-2.304281210285808e-10
-2.23526530618301e-10
-2.23526530618301e-10
-2.169024959641774e-10
-2.169024959641774e-10
-2.105124963236449e-10
-2.105124963236449e-10
-2.043636371240609e-10
-2.043636371240609e-10
-1.984261643883656e-10
-1.984261643883656e-10
-1.927271675583597e-10
-1.927271675583597e-10
-1.872018096094052e-10
-1.872018096094052e-10
-1.818993844437955e-10
-1.818993844437955e-10
-1.767546109476825e-10
-1.767546109476825e-10
-1.71821668004668e-10
-1.71821668004668e-10
-1.670459326419405e-10
-1.670459326419405e-10
-1.624398393573756e-10
-1.624398393573756e-10
-1.579860686717893e-10
-1.579860686717893e-10
-1.536850646743915e-10
-1.536850646743915e-10
-1.495217283320471e-10
-1.495217283320471e-10
-1.455093823210518e-10
-1.455093823210518e-10
-1.41620049021185e-10
-1.41620049021185e-10
-1.378785974281982e-10
-1.378785974281982e-10
-1.3425971445713e-10
-1.3425971445713e-10
-1.307487451640554e-10
-1.307487451640554e-10
-1.273510186194926e-10
-1.273510186194926e-10
-1.240572089500347e-10
-1.240572089500347e-10
-1.208966260435318e-10
-1.208966260435318e-10
-1.178017683400867e-10
-1.178017683400867e-10
-1.148268147233011e-10
-1.148268147233011e-10
-1.119389025916462e-10
-1.119389025916462e-10
-1.091469137293188e-10
-1.091469137293188e-10
-1.064299759434562e-10
-1.064299759434562e-10
-1.038085173377112e-10
-1.038085173377112e-10
-1.012652184328999e-10
-1.012652184328999e-10
-9.880807283479953e-11
-9.880807283479953e-11
-9.640377385267129e-11
-9.640377385267129e-11
-9.409939494275932e-11
-9.409939494275932e-11
-9.18460862919801e-11
-9.18460862919801e-11
-8.966782871766554e-11
-8.966782871766554e-11
-8.753220370749659e-11
-8.753220370749659e-11
-8.548362018245825e-11
-8.548362018245825e-11
-8.349543278995952e-11
-8.349543278995952e-11
-8.155209840765565e-11
-8.155209840765565e-11
-7.966427517658303e-11
-7.966427517658303e-11
-7.782929856148257e-11
-7.782929856148257e-11
-7.604805674077397e-11
-7.604805674077397e-11
-7.433031967707393e-11
-7.433031967707393e-11
-7.266187651566725e-11
-7.266187651566725e-11
-7.104627997023272e-11
-7.104627997023272e-11
-6.945244379608084e-11
-6.945244379608084e-11
-6.792699736024588e-11
-6.792699736024588e-11
-6.641975858201477e-11
-6.641975858201477e-11
-6.495293192188001e-11
-6.495293192188001e-11
-6.355227455401291e-11
-6.355227455401291e-11
-6.217293346821862e-11
-6.217293346821862e-11
-6.083000769763203e-11
-6.083000769763203e-11
-5.950617776306899e-11
-5.950617776306899e-11
-5.825606663734106e-11
-5.825606663734106e-11
-5.701306093897074e-11
-5.701306093897074e-11
-5.581846096447407e-11
-5.581846096447407e-11
-5.464384500442065e-11
-5.464384500442065e-11
-5.351274978693255e-11
-5.351274978693255e-11
-5.239142453206114e-11
-5.239142453206114e-11
-5.130873503844668e-11
-5.130873503844668e-11
-5.025668770031189e-11
-5.025668770031189e-11
-4.924238794501434e-11
-4.924238794501434e-11
-4.82494044717896e-11
-4.82494044717896e-11
-4.725464464172546e-11
-4.725464464172546e-11
-4.629807648370843e-11
-4.629807648370843e-11
-4.538636133588625e-11
-4.538636133588625e-11
-4.448397206147092e-11
-4.448397206147092e-11
-4.360334315833825e-11
-4.360334315833825e-11
-4.274403053727838e-11
-4.274403053727838e-11
-4.192557412352471e-11
-4.192557412352471e-11
-4.11040090853021e-11
-4.11040090853021e-11
-4.031042166730003e-11
-4.031042166730003e-11
-3.951639016008812e-11
-3.951639016008812e-11
-3.876721166307107e-11
-3.876721166307107e-11
-3.800249004370926e-11
-3.800249004370926e-11
-3.729372366478856e-11
-3.729372366478856e-11
-3.657296687720191e-11
-3.657296687720191e-11
-3.589306629692146e-11
-3.589306629692146e-11
-3.522027114399862e-11
-3.522027114399862e-11
-3.456790409472887e-11
-3.456790409472887e-11
-3.394884373619789e-11
-3.394884373619789e-11
-3.33137961661123e-11
-3.33137961661123e-11
-3.269251536153206e-11
-3.269251536153206e-11
-3.211386712109743e-11
-3.211386712109743e-11
-3.150457672518314e-11
-3.150457672518314e-11
-3.091660261134166e-11
-3.091660261134166e-11
-3.037747831058368e-11
-3.037747831058368e-11
-2.982414315511051e-11
-2.982414315511051e-11
-2.931299647457308e-11
-2.931299647457308e-11
-2.880229388324551e-11
-2.880229388324551e-11
-2.826450185011709e-11
-2.826450185011709e-11
-2.775690788325846e-11
-2.775690788325846e-11
-2.728928194528635e-11
-2.728928194528635e-11
-2.680788924180888e-11
-2.680788924180888e-11
-2.634337192830571e-11
-2.634337192830571e-11
-2.590905268107235e-11
-2.590905268107235e-11
-2.544453536756919e-11
-2.544453536756919e-11
-2.502753559951998e-11
-2.502753559951998e-11
-2.458833137097827e-11
-2.458833137097827e-11
-2.414957123164641e-11
-2.414957123164641e-11
-2.374989094278135e-11
-2.374989094278135e-11
-2.334754611865719e-11
-2.334754611865719e-11
-2.297184664712404e-11
-2.297184664712404e-11
-2.257882769640673e-11
-2.257882769640673e-11
-2.218492056726973e-11
-2.218492056726973e-11
-2.183986325121623e-11
-2.183986325121623e-11
-2.147571009913918e-11
-2.147571009913918e-11
-2.113953456728268e-11
-2.113953456728268e-11
-2.077760186125488e-11
-2.077760186125488e-11
-2.045474900569388e-11
-2.045474900569388e-11
-2.011679711699799e-11
-2.011679711699799e-11
-1.980238195642414e-11
-1.980238195642414e-11
-1.945243965906229e-11
-1.945243965906229e-11
-1.918065706263405e-11
-1.918065706263405e-11
-1.885291922576471e-11
-1.885291922576471e-11
-1.855005038464697e-11
-1.855005038464697e-11
-1.825073425720802e-11
-1.825073425720802e-11
-1.798872162339649e-11
-1.798872162339649e-11
-1.77129422240796e-11
-1.77129422240796e-11
-1.742916921898541e-11
-1.742916921898541e-11
-1.714450803547152e-11
-1.714450803547152e-11
-1.689715034558503e-11
-1.689715034558503e-11
-1.662048276784844e-11
-1.662048276784844e-11
-1.635758195561721e-11
-1.635758195561721e-11
-1.610889199810117e-11
-1.610889199810117e-11
-1.587618925213974e-11
-1.587618925213974e-11
-1.56221702241055e-11
-1.56221702241055e-11
-1.541655691994492e-11
-1.541655691994492e-11
-1.516076153507129e-11
-1.516076153507129e-11
-1.493649648409701e-11
-1.493649648409701e-11
-1.474287358860238e-11
-1.474287358860238e-11
-1.448396957925979e-11
-1.448396957925979e-11
-1.427968854272876e-11
-1.427968854272876e-11
-1.408695382565384e-11
-1.408695382565384e-11
-1.387023829124701e-11
-1.387023829124701e-11
-1.366107227340763e-11
-1.366107227340763e-11
-1.34487976310993e-11
-1.34487976310993e-11
-1.327071785794942e-11
-1.327071785794942e-11
-1.307753905166464e-11
-1.307753905166464e-11
-1.290567652745267e-11
-1.290567652745267e-11
-1.272315586220429e-11
-1.272315586220429e-11
-1.253974701853622e-11
-1.253974701853622e-11
-1.236299951301589e-11
-1.236299951301589e-11
-1.215738620885531e-11
-1.215738620885531e-11
-1.202105082143134e-11
-1.202105082143134e-11
-1.183941833460267e-11
-1.183941833460267e-11
-1.167688168379755e-11
-1.167688168379755e-11
-1.151079231931362e-11
-1.151079231931362e-11
-1.135580518507595e-11
-1.135580518507595e-11
-1.116262637879117e-11
-1.116262637879117e-11
-1.101696511796035e-11
-1.101696511796035e-11
-1.085753709162418e-11
-1.085753709162418e-11
-1.071542854447216e-11
-1.071542854447216e-11
-1.056976728364134e-11
-1.056976728364134e-11
-1.044808684014242e-11
-1.044808684014242e-11
-1.028599427854715e-11
-1.028599427854715e-11
-1.018696238475059e-11
-1.018696238475059e-11
-1.002886662604396e-11
-1.002886662604396e-11
-9.892975327829845e-12
-9.892975327829845e-12
-9.78772618509538e-12
-9.78772618509538e-12
-9.619860463772056e-12
-9.619860463772056e-12
-9.478196005829886e-12
-9.478196005829886e-12
-9.350298313393068e-12
-9.350298313393068e-12
-9.241496456979803e-12
-9.241496456979803e-12
-9.118483745851336e-12
-9.118483745851336e-12
-9.001688283660769e-12
-9.001688283660769e-12
-8.888001445939153e-12
-8.888001445939153e-12
-8.760547842712185e-12
-8.760547842712185e-12
-8.669509554692922e-12
-8.669509554692922e-12
-8.577583088253959e-12
-8.577583088253959e-12
-8.444800414508791e-12
-8.444800414508791e-12
-8.328004952318224e-12
-8.328004952318224e-12
-8.210765400917808e-12
-8.210765400917808e-12
-8.118394845268995e-12
-8.118394845268995e-12
-8.018918862262581e-12
-8.018918862262581e-12
-7.900347043232614e-12
-7.900347043232614e-12
-7.842171356742256e-12
-7.842171356742256e-12
-7.700506898800086e-12
-7.700506898800086e-12
-7.632117160483176e-12
-7.632117160483176e-12
-7.510880806194109e-12
-7.510880806194109e-12
-7.416289804496046e-12
-7.416289804496046e-12
-7.370548615881489e-12
-7.370548615881489e-12
-7.251532707641672e-12
-7.251532707641672e-12
-7.16005033041256e-12
-7.16005033041256e-12
-7.087663789206999e-12
-7.087663789206999e-12
-7.015277248001439e-12
-7.015277248001439e-12
-6.925571227611726e-12
-6.925571227611726e-12
-6.846967437468265e-12
-6.846967437468265e-12
-6.719957923451148e-12
-6.719957923451148e-12
-6.683986697453292e-12
-6.683986697453292e-12
-6.567191235262726e-12
-6.567191235262726e-12
-6.489919712748815e-12
-6.489919712748815e-12
-6.444178524134259e-12
-6.444178524134259e-12
-6.353140236114996e-12
-6.353140236114996e-12
-6.278533248860185e-12
-6.278533248860185e-12
-6.214140313431926e-12
-6.214140313431926e-12
-6.166622767977969e-12
-6.166622767977969e-12
-6.068034963391256e-12
-6.068034963391256e-12
-5.974332140112892e-12
-5.974332140112892e-12
-5.935252289646087e-12
-5.935252289646087e-12
-5.841993555577574e-12
-5.841993555577574e-12
-5.785594225926616e-12
-5.785594225926616e-12
-5.714095863140756e-12
-5.714095863140756e-12
-5.632383448528344e-12
-5.632383448528344e-12
-5.615063969344192e-12
-5.615063969344192e-12
-5.526246127374179e-12
-5.526246127374179e-12
-5.477396314290672e-12
-5.477396314290672e-12
-5.420108806220014e-12
-5.420108806220014e-12
-5.365485833408457e-12
-5.365485833408457e-12
-5.307754236127948e-12
-5.307754236127948e-12
-5.238032230181489e-12
-5.238032230181489e-12
-5.145217585322825e-12
-5.145217585322825e-12
-5.092370969350668e-12
-5.092370969350668e-12
-5.03597163969971e-12
-5.03597163969971e-12
-5.001332681331405e-12
-5.001332681331405e-12
-4.969802347432051e-12
-4.969802347432051e-12
-4.850786439192234e-12
-4.850786439192234e-12
-4.82147655134213e-12
-4.82147655134213e-12
-4.784173057714725e-12
-4.784173057714725e-12
-4.760192240382821e-12
-4.760192240382821e-12
-4.68025618260981e-12
-4.68025618260981e-12
-4.623412763749002e-12
-4.623412763749002e-12
-4.574562950665495e-12
-4.574562950665495e-12
-4.560352095950293e-12
-4.560352095950293e-12
-4.513722728916036e-12
-4.513722728916036e-12
-4.442668455340026e-12
-4.442668455340026e-12
-4.375610984652667e-12
-4.375610984652667e-12
-4.305888978706207e-12
-4.305888978706207e-12
-4.25659507641285e-12
-4.25659507641285e-12
-4.280131804534903e-12
-4.280131804534903e-12
-4.176214929429989e-12
-4.176214929429989e-12
-4.134470543704083e-12
-4.134470543704083e-12
-4.096722960866828e-12
-4.096722960866828e-12
-4.072742143534924e-12
-4.072742143534924e-12
-4.036326828327219e-12
-4.036326828327219e-12
-3.989253372083112e-12
-3.989253372083112e-12
-3.919531366136653e-12
-3.919531366136653e-12
-3.896438727224449e-12
-3.896438727224449e-12
-3.884004229348648e-12
-3.884004229348648e-12
-3.816502669451438e-12
-3.816502669451438e-12
-3.780087354243733e-12
-3.780087354243733e-12
-3.717026686445024e-12
-3.717026686445024e-12
-3.705036277779072e-12
-3.705036277779072e-12
-3.670397319410768e-12
-3.670397319410768e-12
-3.651745572597065e-12
-3.651745572597065e-12
-3.586020369539256e-12
-3.586020369539256e-12
-3.533173753567098e-12
-3.533173753567098e-12
-3.531397396727698e-12
-3.531397396727698e-12
-3.508748847025345e-12
-3.508748847025345e-12
-3.425704164783383e-12
-3.425704164783383e-12
-3.385292046687027e-12
-3.385292046687027e-12
-3.374189816440776e-12
-3.374189816440776e-12
-3.373301638021076e-12
-3.373301638021076e-12
-3.355093980417223e-12
-3.355093980417223e-12
-3.292033312618514e-12
-3.292033312618514e-12
-3.270717030545711e-12
-3.270717030545711e-12
-3.225419931141005e-12
-3.225419931141005e-12
-3.169020601490047e-12
-3.169020601490047e-12
-3.180566920946148e-12
-3.180566920946148e-12
-3.12239123445579e-12
-3.12239123445579e-12
-3.080202759520034e-12
-3.080202759520034e-12
-3.105959933691338e-12
-3.105959933691338e-12
-3.030020678806977e-12
-3.030020678806977e-12
-3.011368931993275e-12
-3.011368931993275e-12
-2.985167668612121e-12
-2.985167668612121e-12
-2.919442465554312e-12
-2.919442465554312e-12
-2.918998376344462e-12
-2.918998376344462e-12
-2.901678897160309e-12
-2.901678897160309e-12
-2.846167745929051e-12
-2.846167745929051e-12
-2.83728596173205e-12
-2.83728596173205e-12
-2.865707671162454e-12
-2.865707671162454e-12
-2.826183731485798e-12
-2.826183731485798e-12
-2.808420163091796e-12
-2.808420163091796e-12
-2.774225293933341e-12
-2.774225293933341e-12
-2.740030424774886e-12
-2.740030424774886e-12
-2.700062395888381e-12
-2.700062395888381e-12
-2.668976151198876e-12
-2.668976151198876e-12
-2.620126338115369e-12
-2.620126338115369e-12
-2.656097564113225e-12
-2.656097564113225e-12
-2.608580018659268e-12
-2.608580018659268e-12
-2.586819647376615e-12
-2.586819647376615e-12
-2.574829238710663e-12
-2.574829238710663e-12
-2.536193477453708e-12
-2.536193477453708e-12
-2.537525745083258e-12
-2.537525745083258e-12
-2.495337270147502e-12
-2.495337270147502e-12
-2.473132809654999e-12
-2.473132809654999e-12
-2.427391621040442e-12
-2.427391621040442e-12
-2.451372438372346e-12
-2.451372438372346e-12
-2.386535413734236e-12
-2.386535413734236e-12
-2.361222328772783e-12
-2.361222328772783e-12
-2.359890061143233e-12
-2.359890061143233e-12
-2.346567384847731e-12
-2.346567384847731e-12
-2.335909243811329e-12
-2.335909243811329e-12
-2.305267088331675e-12
-2.305267088331675e-12
-2.275069022061871e-12
-2.275069022061871e-12
-2.237321439224615e-12
-2.237321439224615e-12
-2.247535491051167e-12
-2.247535491051167e-12
-2.189359804560809e-12
-2.189359804560809e-12
-2.208455640584361e-12
-2.208455640584361e-12
-2.204458837695711e-12
-2.204458837695711e-12
-2.1271873151818e-12
-2.1271873151818e-12
-2.114308728096148e-12
-2.114308728096148e-12
-2.13118411807045e-12
-2.13118411807045e-12
-2.074340699209642e-12
-2.074340699209642e-12
-2.05391259555654e-12
-2.05391259555654e-12
-2.05346850634669e-12
-2.05346850634669e-12
-2.007727317732133e-12
-2.007727317732133e-12
-2.061462112123991e-12
-2.061462112123991e-12
-2.051692149507289e-12
-2.051692149507289e-12
-2.003730514843483e-12
-2.003730514843483e-12
-1.972644270153978e-12
-1.972644270153978e-12
-2.006395050102583e-12
-2.006395050102583e-12
-1.949551631241775e-12
-1.949551631241775e-12
-1.933564419687173e-12
-1.933564419687173e-12
-1.932676241267473e-12
-1.932676241267473e-12
-1.929123527588672e-12
-1.929123527588672e-12
-1.875832822406664e-12
-1.875832822406664e-12
-1.848299291395961e-12
-1.848299291395961e-12
-1.826538920113308e-12
-1.826538920113308e-12
-1.875832822406664e-12
-1.875832822406664e-12
-1.800781745942004e-12
-1.800781745942004e-12
-1.779465463869201e-12
-1.779465463869201e-12
-1.811439886978405e-12
-1.811439886978405e-12
-1.825206652483757e-12
-1.825206652483757e-12
-1.782574088338151e-12
-1.782574088338151e-12
-1.731059739995544e-12
-1.731059739995544e-12
-1.792788140164703e-12
-1.792788140164703e-12
-1.720401598959143e-12
-1.720401598959143e-12
-1.713740260811392e-12
-1.713740260811392e-12
-1.680433570072637e-12
-1.680433570072637e-12
-1.705746655034091e-12
-1.705746655034091e-12
-1.640909630395981e-12
-1.640909630395981e-12
-1.63202784619898e-12
-1.63202784619898e-12
-1.691535800318889e-12
-1.691535800318889e-12
-1.601385690719326e-12
-1.601385690719326e-12
-1.636468738297481e-12
-1.636468738297481e-12
-1.606714761237527e-12
-1.606714761237527e-12
-1.580513497856373e-12
-1.580513497856373e-12
-1.597832977040525e-12
-1.597832977040525e-12
-1.600053423089776e-12
-1.600053423089776e-12
-1.511679670329613e-12
-1.511679670329613e-12
-1.587618925213974e-12
-1.587618925213974e-12
-1.552979966845669e-12
-1.552979966845669e-12
-1.513011937959163e-12
-1.513011937959163e-12
-1.48681067457801e-12
-1.48681067457801e-12
-1.525002346625115e-12
-1.525002346625115e-12
-1.510791491909913e-12
-1.510791491909913e-12
-1.479261158010559e-12
-1.479261158010559e-12
-1.481037514849959e-12
-1.481037514849959e-12
-1.426858631248251e-12
-1.426858631248251e-12
-1.466382570924907e-12
-1.466382570924907e-12
-1.414868222582299e-12
-1.414868222582299e-12
-1.458833054357456e-12
-1.458833054357456e-12
-1.444622199642254e-12
-1.444622199642254e-12
-1.422861828359601e-12
-1.422861828359601e-12
-1.372679747646544e-12
-1.372679747646544e-12
-1.334932164809288e-12
-1.334932164809288e-12
-1.365574320288943e-12
-1.365574320288943e-12
-1.393107851299646e-12
-1.393107851299646e-12
-1.365130231079092e-12
-1.365130231079092e-12
-1.304734098539484e-12
-1.304734098539484e-12
-1.372679747646544e-12
-1.372679747646544e-12
-1.334043986389588e-12
-1.334043986389588e-12
-1.328714915871387e-12
-1.328714915871387e-12
-1.335376254019138e-12
-1.335376254019138e-12
-1.332267629550188e-12
-1.332267629550188e-12
-1.307842723008434e-12
-1.307842723008434e-12
-1.326050380612287e-12
-1.326050380612287e-12
-1.322497666933486e-12
-1.322497666933486e-12
